[LightHouseID: 1 1 1]
-0.674752	-0.299278	-0.674642	2.863012	
0.032948	0.900968	-0.432632	2.456200	
0.737308	-0.314147	-0.598070	2.550622	
[LightHouseID: 1 1 2]
0.638948	0.215881	0.744656	-2.584774	
0.115621	0.926337	-0.371176	2.413529	
-0.757508	0.344864	0.556001	-2.436126	
[LightHouseID: 1 1 3]
0.839725	-0.119179	-0.552093	2.950742	
-0.115332	0.919113	-0.368583	2.452059	
0.551335	0.373274	0.747088	-2.374809	
[LightHouseID: 1 1 4]
-0.765909	0.241249	0.603259	-2.629784	
-0.059930	0.909224	-0.425558	2.423214	
-0.643572	-0.337427	-0.687598	2.461575	
[LightHouseID: 1 2 1]
-0.707712	-0.324588	-0.646365	6.955412	
-0.010775	0.912207	-0.425346	2.458538	
0.716321	-0.250415	-0.644850	2.616581	
[LightHouseID: 1 2 2]
0.801805	0.185545	0.572002	1.778003	
0.091373	0.898719	-0.433404	2.421862	
-0.593713	0.432587	0.673035	-2.331242	
[LightHouseID: 1 2 3]
0.528585	-0.345626	-0.777489	7.106522	
-0.015314	0.918062	-0.400277	2.443655	
0.842968	0.255394	0.475952	-2.283593	
[LightHouseID: 1 2 4]
-0.679502	0.278139	0.682664	1.708678	
-0.032389	0.914479	-0.416988	2.451593	
-0.729375	-0.272488	-0.625140	2.575385	
